92 7 249 51
99 214 226 102
149 142 165 153
156 228 205 113
105 21 159 174
4 81 207 241
29 24 43 25
44 36 188 163
48 39 155 116
100 94 284 168
141 263 186 118
6 102 126 251
49 255 250 37
150 76 189 284
50 124 262 290
204 129 255 184
30 63 224 146
2 223 113 224
30 136 141 174
55 85 84 163
36 215 142 22
4 47 203 128
179 161 230 171
65 81 213 97
17 110 270 35
60 32 269 96
168 60 255 29
57 2 71 109
37 298 226 69
59 296 109 80
52 194 129 117
162 264 232 13
115 205 280 105
195 234 233 36
183 0 286 219
179 148 209 281
43 125 292 43
77 270 278 87
70 73 119 58
92 171 285 255
75 132 200 246
42 23 59 236
32 146 224 199
51 252 279 212
118 296 234 154
20 241 134 92
22 145 203 83
31 199 66 66
133 179 150 5
105 210 247 121
137 95 279 241
50 108 249 51
152.0 144.0625 274 8
155 254 238.1665275429822 47.9638675916638
211.0236119866915 115.20752328732718 214 19
90 264 164.6749719416386 207.6403719737053
50 108 180 295
172.41566171683667 149.25547943082123 286 246
39 35 123.0 15.687898089171975
59 291 138.85394932935918 101.29247972107692
135.85618096291626 105.7152606974856 234 5
155.0 146.125 288 200
185 125 204.0 115.34693877551021
59.234018996561986 119.89212002260675 156 286
226.0 144.67391304347825 296 78
244.0 53.5 267 42
177.763738317757 144.53906542056075 231 160
155.72814107274064 113.8076139521491 228 237
41 144 156 286
198 103 213.31937205235562 41.00033356881303
172 35 180.3774914314213 253.1804666316272
203 128 284 167
93 248 156.1764705882353 108.94117647058823
87 113 178.4653130287648 153.26579306338283
179.07897367544152 -0.8271796073755631 185 189
156.06479959035374 119.68274899446544 272 10
62 110 286 246
144.75505109596006 139.76086931654922 280 109
71.0 109.0 242 228
138 174 286 246
152.0 69.9802371541502 219 211
58 120 189.07077855302296 163.79007574416315
69.0 93.71428571428571 74 169
179.54098924937236 112.71291066822819 231 69
39 238 194.0422192767435 145.72433658161773
115 164 185.09319314355008 21.525304893377232
64.0 274.4 270 92
156.1764705882353 108.94117647058823 207 43
0 143 49 255
57 206 71.36997181655136 33.1389032914105
115 204 199.8672809038061 125.04617747065922
7 109 165.0930342757858 142.79732884045
61 10 161.1764705882353 114.13895150149058
132.92188651436993 100.11201179071482 155 256
138.03829915560917 191.03739445114596 275 169
53 274 187.26353512388732 185.10671587499175
102 134 296 78
32 89 115 204
113 224 205 220
178.0 225.936 263 246
